Mfrac_nu_475[24][24] = {
{    0.057322191 ,  0.037268894 ,  0.033457669 ,  0.032937685 ,  0.026016038 ,  0.017265902 ,  0.012682502  ,  0.00712391  ,  0.02108077 ,  0.022887333 ,  0.023948184 ,  0.025616588 ,  0.016549589 ,  0.025634372 ,  0.013495253 ,  0.023639531 ,  0.032268812  ,  0.03188479 ,  0.027943326 ,  0.025308624 ,  0.021666244 ,  0.019369414 ,  0.015866602 ,  0.014489561},
{    0.037268894 ,  0.038222323 ,  0.031157382 ,  0.029877744 ,  0.026842336 ,  0.024292106 ,  0.021756228 ,  0.023215702 ,  0.016763074 ,  0.019560339 ,  0.019836458 ,  0.025021339 ,  0.024696822  ,  0.02324825 ,  0.026787501  ,  0.02093653 ,  0.027576493 ,  0.028387698 ,  0.027721277 ,  0.026773967 ,  0.024871957 ,  0.024023891 ,  0.023912201 ,  0.022925965},
{    0.033457669 ,  0.031157382  ,  0.03593161 ,  0.031228236 ,  0.029530645  ,  0.02642434 ,  0.024613288 ,  0.026823652 ,  0.019022873 ,  0.019858633 ,  0.020946332 ,  0.025566477 ,  0.025145197 ,  0.024187077 ,  0.029148319 ,  0.023231034 ,  0.025719685 ,  0.027427577 ,  0.027802089 ,  0.027988596 ,  0.027052624 ,  0.026714729 ,  0.027056211 ,  0.026688056},
{    0.032937685 ,  0.029877744 ,  0.031228236 ,  0.035932473 ,  0.031727523 ,  0.029023192 ,  0.029976499  ,  0.02854331  ,  0.01576229 ,  0.020866255 ,  0.023667224   ,  0.0283182 ,  0.021534239 ,  0.027338384 ,  0.027525144 ,  0.026537135 ,  0.024713056 ,  0.027132611 ,  0.027857857 ,  0.028867942 ,  0.028917615 ,  0.029692263 ,  0.029820193 ,  0.029568135},
{    0.026016038 ,  0.026842336 ,  0.029530645 ,  0.031727523 ,  0.038901015 ,  0.034243891 ,  0.037273682 ,  0.038414234 ,  0.016089712   ,  0.0191771 ,  0.019316599 ,  0.025608395 ,  0.022291021 ,  0.025805002 ,  0.030438469 ,  0.024481399 ,  0.021600599 ,  0.024959367  ,  0.02745619 ,  0.030008804 ,  0.032235066 ,  0.034066456 ,  0.035106984 ,  0.034926728},
{    0.017265902 ,  0.024292106  ,  0.02642434 ,  0.029023192 ,  0.034243891 ,  0.050911821 ,  0.050956522 ,  0.057433592 ,  0.015380192  ,  0.01422338  ,  0.02032592  ,  0.02447274 ,  0.029205431 ,  0.028758268 ,  0.035041133 ,  0.020473516  ,  0.01733476 ,  0.022449782 ,  0.027768112 ,  0.032336816  ,  0.03778978 ,  0.041643232 ,  0.045364652 ,  0.045796163},
{    0.012682502 ,  0.021756228 ,  0.024613288 ,  0.029976499 ,  0.037273682 ,  0.050956522 ,  0.074866327 ,  0.067746097 ,  0.012901648 ,  0.013517458 ,  0.020421553 ,  0.024578389 ,  0.025632842 ,  0.025707694 ,  0.035446638 ,  0.025431826 ,  0.017087419 ,  0.022415966 ,  0.028490323 ,  0.034237343 ,  0.041099727 ,  0.047144614 ,  0.053265981 ,  0.054711174},
{     0.00712391 ,  0.023215702 ,  0.026823652  ,  0.02854331 ,  0.038414234 ,  0.057433592 ,  0.067746097  ,  0.10314365 ,  0.018803923  ,  0.01088852  ,  0.02161441 ,  0.023832763  ,  0.03546481 ,  0.030945047 ,  0.041356567 ,  0.021500507 ,  0.018534261 ,  0.022646702 ,  0.031027871 ,  0.037796841 ,  0.044330872 ,  0.052874928 ,  0.065192666 ,  0.068241791},
{     0.02108077 ,  0.016763074 ,  0.019022873  ,  0.01576229 ,  0.016089712 ,  0.015380192 ,  0.012901648 ,  0.018803923 ,  0.037768641 ,  0.012251751 ,  0.013712119  ,  0.01561518 ,  0.013923108 ,  0.013219393 ,  0.016766366 ,  0.014667422 ,  0.018307176 ,  0.017767273 ,  0.017551194 ,  0.017039599 ,  0.015493897 ,  0.015131877 ,  0.016803224 ,  0.018097934},
{    0.022887333 ,  0.019560339 ,  0.019858633 ,  0.020866255   ,  0.0191771  ,  0.01422338 ,  0.013517458  ,  0.01088852 ,  0.012251751 ,  0.034977096 ,  0.012594451 ,  0.018725068  ,  0.01231938  ,  0.02058648  ,  0.01893752 ,  0.020922795 ,  0.019884243 ,  0.019620448 ,  0.018096817 ,  0.017474739 ,  0.016433589 ,  0.016088634 ,  0.014799028 ,  0.014047836},
{    0.023948184 ,  0.019836458 ,  0.020946332 ,  0.023667224 ,  0.019316599  ,  0.02032592 ,  0.020421553  ,  0.02161441 ,  0.013712119 ,  0.012594451 ,  0.038323604 ,  0.024364784 ,  0.019657156 ,  0.021014298 ,  0.022401469  ,  0.02247485 ,  0.017466453 ,  0.019026617 ,  0.019140273 ,  0.019427881 ,  0.019032247  ,  0.01963567 ,  0.019654432 ,  0.019630157},
{    0.025616588 ,  0.025021339 ,  0.025566477   ,  0.0283182 ,  0.025608395  ,  0.02447274 ,  0.024578389 ,  0.023832763  ,  0.01561518 ,  0.018725068 ,  0.024364784 ,  0.047475421 ,  0.026703134 ,  0.026444584 ,  0.031024035 ,  0.030862458 ,  0.020731252 ,  0.022044022 ,  0.022164174 ,  0.022100181 ,  0.022091324 ,  0.022420015 ,  0.022039893 ,  0.021908384},
{    0.016549589 ,  0.024696822 ,  0.025145197 ,  0.021534239 ,  0.022291021 ,  0.029205431 ,  0.025632842  ,  0.03546481 ,  0.013923108  ,  0.01231938 ,  0.019657156 ,  0.026703134 ,  0.049852293 ,  0.023281756 ,  0.036081596  ,  0.01969542 ,  0.017424384 ,  0.018441286 ,  0.021076725 ,  0.021867034 ,  0.022714268 ,  0.024190112 ,  0.027000632 ,  0.027651862},
{    0.025634372  ,  0.02324825 ,  0.024187077 ,  0.027338384 ,  0.025805002 ,  0.028758268 ,  0.025707694 ,  0.030945047 ,  0.013219393  ,  0.02058648 ,  0.021014298 ,  0.026444584 ,  0.023281756 ,  0.063265052 ,  0.039442378 ,  0.037908944 ,  0.019462735 ,  0.020807701 ,  0.021227072 ,  0.021984856 ,  0.022151605 ,  0.023217089 ,  0.023531678 ,  0.024525721},
{    0.013495253 ,  0.026787501 ,  0.029148319 ,  0.027525144 ,  0.030438469 ,  0.035041133 ,  0.035446638 ,  0.041356567 ,  0.016766366  ,  0.01893752 ,  0.022401469 ,  0.031024035 ,  0.036081596 ,  0.039442378  ,  0.08001567 ,  0.032766623 ,  0.016815972 ,  0.019051318 ,  0.022366974 ,  0.024462664 ,  0.026515182  ,  0.02774814 ,  0.032038865 ,  0.031287606},
{    0.023639531  ,  0.02093653 ,  0.023231034 ,  0.026537135 ,  0.024481399 ,  0.020473516 ,  0.025431826 ,  0.021500507 ,  0.014667422 ,  0.020922795  ,  0.02247485 ,  0.030862458  ,  0.01969542 ,  0.037908944 ,  0.032766623 ,  0.062676313 ,  0.021283115 ,  0.021239704 ,  0.021032343 ,  0.021696805 ,  0.022172249 ,  0.022541895 ,  0.021162982 ,  0.022780865},
{    0.032268812 ,  0.027576493 ,  0.025719685 ,  0.024713056 ,  0.021600599  ,  0.01733476 ,  0.017087419 ,  0.018534261 ,  0.018307176 ,  0.019884243 ,  0.017466453 ,  0.020731252 ,  0.017424384 ,  0.019462735 ,  0.016815972 ,  0.021283115 ,  0.034261875  ,  0.02800871 ,  0.024909902 ,  0.023139901 ,  0.020583004 ,  0.020238873 ,  0.020370383 ,  0.021520981},
{     0.03188479 ,  0.028387698 ,  0.027427577 ,  0.027132611 ,  0.024959367 ,  0.022449782 ,  0.022415966 ,  0.022646702 ,  0.017767273 ,  0.019620448 ,  0.019026617 ,  0.022044022 ,  0.018441286 ,  0.020807701 ,  0.019051318 ,  0.021239704  ,  0.02800871 ,  0.028127089 ,  0.027130914 ,  0.026623034 ,  0.025357106 ,  0.025016887 ,  0.024659698  ,  0.02487745},
{    0.027943326 ,  0.027721277 ,  0.027802089 ,  0.027857857  ,  0.02745619 ,  0.027768112 ,  0.028490323 ,  0.031027871 ,  0.017551194 ,  0.018096817 ,  0.019140273 ,  0.022164174 ,  0.021076725 ,  0.021227072 ,  0.022366974 ,  0.021032343 ,  0.024909902 ,  0.027130914 ,  0.028402151 ,  0.029128345  ,  0.02919831 ,  0.029762352 ,  0.030484065 ,  0.030834066},
{    0.025308624 ,  0.026773967 ,  0.027988596 ,  0.028867942 ,  0.030008804 ,  0.032336816 ,  0.034237343 ,  0.037796841 ,  0.017039599 ,  0.017474739 ,  0.019427881 ,  0.022100181 ,  0.021867034 ,  0.021984856 ,  0.024462664 ,  0.021696805 ,  0.023139901 ,  0.026623034 ,  0.029128345 ,  0.031518407 ,  0.033069121 ,  0.034466953 ,  0.035722605 ,  0.036202021},
{    0.021666244 ,  0.024871957 ,  0.027052624 ,  0.028917615 ,  0.032235066  ,  0.03778978 ,  0.041099727 ,  0.044330872 ,  0.015493897 ,  0.016433589 ,  0.019032247 ,  0.022091324 ,  0.022714268 ,  0.022151605 ,  0.026515182 ,  0.022172249 ,  0.020583004 ,  0.025357106  ,  0.02919831 ,  0.033069121 ,  0.037433412 ,  0.039746288 ,  0.041259901 ,  0.041522118},
{    0.019369414 ,  0.024023891 ,  0.026714729 ,  0.029692263 ,  0.034066456 ,  0.041643232 ,  0.047144614 ,  0.052874928 ,  0.015131877 ,  0.016088634  ,  0.01963567 ,  0.022420015 ,  0.024190112 ,  0.023217089  ,  0.02774814 ,  0.022541895 ,  0.020238873 ,  0.025016887 ,  0.029762352 ,  0.034466953 ,  0.039746288 ,  0.044176877   ,  0.0469852 ,  0.047876941},
{    0.015866602 ,  0.023912201 ,  0.027056211 ,  0.029820193 ,  0.035106984 ,  0.045364652 ,  0.053265981 ,  0.065192666 ,  0.016803224 ,  0.014799028 ,  0.019654432 ,  0.022039893 ,  0.027000632 ,  0.023531678 ,  0.032038865 ,  0.021162982 ,  0.020370383 ,  0.024659698 ,  0.030484065 ,  0.035722605 ,  0.041259901   ,  0.0469852  ,  0.05373878 ,  0.055151257},
{    0.014489561 ,  0.022925965 ,  0.026688056 ,  0.029568135 ,  0.034926728 ,  0.045796163 ,  0.054711174 ,  0.068241791 ,  0.018097934 ,  0.014047836 ,  0.019630157 ,  0.021908384 ,  0.027651862 ,  0.024525721 ,  0.031287606 ,  0.022780865 ,  0.021520981  ,  0.02487745 ,  0.030834066 ,  0.036202021 ,  0.041522118 ,  0.047876941 ,  0.055151257 ,  0.059134345} };
