0.0290815     0.0317921     0.0319055     0.032039     0.0315003     0.0318191     0.0309654     0.0313466     0.0314214     0.0319543     0.0325131     0.0322221     0.0336757     0.0351349     0.0359876     0.0358279     0.0382643     0.0412618     0.0356778     0.0401815     0.0368791     
0.0317921     0.0401957     0.0402621     0.0426132     0.0424316     0.0436963     0.0418836     0.0431212     0.0430109     0.0439689     0.045748     0.0438075     0.046114     0.0484654     0.0496046     0.050154     0.0529051     0.0574759     0.0463726     0.0479273     0.0492118     
0.0319055     0.0402621     0.047775     0.0444748     0.0455616     0.0464754     0.0474838     0.0473288     0.0508525     0.0521866     0.0502298     0.0514139     0.0556055     0.0573308     0.0558571     0.0617786     0.0609041     0.0594948     0.0727403     0.0662919     0.0734018     
0.032039     0.0426132     0.0444748     0.0481906     0.0482537     0.0497081     0.0480097     0.0500709     0.0500662     0.0511934     0.0536928     0.0521008     0.0537527     0.0578596     0.0586803     0.0604358     0.0623786     0.0682644     0.0551956     0.0555221     0.0576521     
0.0315003     0.0424316     0.0455616     0.0482537     0.0502925     0.0515257     0.0505039     0.0524547     0.0523332     0.0540845     0.0565455     0.0552744     0.0579483     0.0609161     0.0624403     0.0645186     0.0665436     0.0720918     0.0601835     0.0619527     0.0609787     
0.0318191     0.0436963     0.0464754     0.0497081     0.0515257     0.054637     0.0526509     0.0548209     0.0552872     0.0574977     0.0597267     0.0578695     0.060778     0.0642812     0.0659103     0.0690556     0.0699227     0.074147     0.0660489     0.063505     0.0644131     
0.0309654     0.0418836     0.0474838     0.0480097     0.0505039     0.0526509     0.0539321     0.0545517     0.0571788     0.0591275     0.0596366     0.0597652     0.0641807     0.0665758     0.0664862     0.0720168     0.0709856     0.0731019     0.0764383     0.0728227     0.0766376     
0.0313466     0.0431212     0.0473288     0.0500709     0.0524547     0.0548209     0.0545517     0.0582344     0.0571456     0.0602754     0.0627294     0.0625232     0.0652564     0.0695631     0.0720141     0.0735704     0.0746434     0.0790908     0.0672768     0.0714214     0.068964     
0.0314214     0.0430109     0.0508525     0.0500662     0.0523332     0.0552872     0.0571788     0.0571456     0.0638074     0.064551     0.0634619     0.064911     0.0703473     0.0729693     0.0703441     0.0801627     0.0782344     0.0756539     0.0915118     0.0780558     0.0926007     
0.0319543     0.0439689     0.0521866     0.0511934     0.0540845     0.0574977     0.0591275     0.0602754     0.064551     0.0681411     0.0660811     0.0680142     0.0735812     0.0769116     0.075316     0.0837563     0.0816015     0.0791712     0.094447     0.0847018     0.0912088     
0.0325131     0.045748     0.0502298     0.0536928     0.0565455     0.0597267     0.0596366     0.0627294     0.0634619     0.0660811     0.0702835     0.0688603     0.0728399     0.0771119     0.0795327     0.082658     0.0827588     0.0893782     0.0789974     0.0777507     0.0786897     
0.0322221     0.0438075     0.0514139     0.0521008     0.0552744     0.0578695     0.0597652     0.0625232     0.064911     0.0680142     0.0688603     0.0714151     0.0757132     0.0801394     0.0805186     0.0862045     0.0862061     0.0862367     0.088704     0.0878832     0.0895733     
0.0336757     0.046114     0.0556055     0.0537527     0.0579483     0.060778     0.0641807     0.0652564     0.0703473     0.0735812     0.0728399     0.0757132     0.0846811     0.0860491     0.0849663     0.0930678     0.0924686     0.090093     0.103698     0.10275     0.105206     
0.0351349     0.0484654     0.0573308     0.0578596     0.0609161     0.0642812     0.0665758     0.0695631     0.0729693     0.0769116     0.0771119     0.0801394     0.0860491     0.0926316     0.0916563     0.0986083     0.098313     0.0978506     0.104758     0.100554     0.108362     
0.0359876     0.0496046     0.0558571     0.0586803     0.0624403     0.0659103     0.0664862     0.0720141     0.0703441     0.075316     0.0795327     0.0805186     0.0849663     0.0916563     0.0982895     0.0979104     0.0994974     0.105071     0.0906111     0.0980451     0.092989     
0.0358279     0.050154     0.0617786     0.0604358     0.0645186     0.0690556     0.0720168     0.0735704     0.0801627     0.0837563     0.082658     0.0862045     0.0930678     0.0986083     0.0979104     0.112329     0.107721     0.103293     0.127463     0.114029     0.124315     
0.0382643     0.0529051     0.0609041     0.0623786     0.0665436     0.0699227     0.0709856     0.0746434     0.0782344     0.0816015     0.0827588     0.0862061     0.0924686     0.098313     0.0994974     0.107721     0.112844     0.108733     0.111695     0.109154     0.116218     
0.0412618     0.0574759     0.0594948     0.0682644     0.0720918     0.074147     0.0731019     0.0790908     0.0756539     0.0791712     0.0893782     0.0862367     0.090093     0.0978506     0.105071     0.103293     0.108733     0.13507     0.0850365     0.0975916     0.0933063     
0.0356778     0.0463726     0.0727403     0.0551956     0.0601835     0.0660489     0.0764383     0.0672768     0.0915118     0.094447     0.0789974     0.088704     0.103698     0.104758     0.0906111     0.127463     0.111695     0.0850365     0.216478     0.150281     0.194525     
0.0401815     0.0479273     0.0662919     0.0555221     0.0619527     0.063505     0.0728227     0.0714214     0.0780558     0.0847018     0.0777507     0.0878832     0.10275     0.100554     0.0980451     0.114029     0.109154     0.0975916     0.150281     0.182433     0.147744     
0.0368791     0.0492118     0.0734018     0.0576521     0.0609787     0.0644131     0.0766376     0.068964     0.0926007     0.0912088     0.0786897     0.0895733     0.105206     0.108362     0.092989     0.124315     0.116218     0.0933063     0.194525     0.147744     0.225187     
