6
1.487176e+00
-1.038465e+00
4.130219e-01
-1.422550e-01
1.866309e-02
-9.229484e-04
1.042785e-01  -1.378765e-01  6.746233e-02  -1.538757e-02  1.651510e-03  -6.727407e-05  
-1.378765e-01  1.854892e-01  -9.187082e-02  2.117113e-02  -2.291938e-03  9.404557e-05  
6.746233e-02  -9.187082e-02  4.601449e-02  -1.070920e-02  1.169393e-03  -4.834450e-05  
-1.538757e-02  2.117113e-02  -1.070920e-02  2.515244e-03  -2.769192e-04  1.153245e-05  
1.651510e-03  -2.291938e-03  1.169393e-03  -2.769192e-04  3.072126e-05  -1.288356e-06  
-6.727407e-05  9.404557e-05  -4.834450e-05  1.153245e-05  -1.288356e-06  5.438309e-08  
