0.088565     0.0673009     0.0556482     0.0435907     0.0348609     0.0324228     0.028088     0.0297116     0.027614     0.0271031     0.024851     0.0222361     0.0241001     0.0213386     0.0198193     0.0160921     0.0148995     0.0104139     0.00283658     0.00305948     0.00141038     
0.0673009     0.0566601     0.0493028     0.0403906     0.0343579     0.0327981     0.0293226     0.0311219     0.0293691     0.0288028     0.02693     0.025243     0.0262479     0.02426     0.023365     0.0204532     0.0205708     0.0165762     0.0114223     0.0126739     0.00932823     
0.0556482     0.0493028     0.044869     0.0377073     0.0327365     0.0321202     0.0290417     0.0312881     0.0295475     0.0290349     0.027068     0.0252953     0.0268185     0.0250415     0.0246122     0.0222322     0.0230838     0.0197738     0.0148508     0.0169881     0.0143171     
0.0435907     0.0403906     0.0377073     0.0342625     0.0316213     0.0312827     0.0295183     0.0302791     0.0291821     0.0286887     0.0274548     0.0260947     0.0269734     0.0260612     0.0257383     0.0244577     0.0242568     0.0227792     0.020012     0.020694     0.0194757     
0.0348609     0.0343579     0.0327365     0.0316213     0.0309301     0.0306788     0.0298195     0.0296513     0.0290468     0.0285842     0.0279988     0.0274003     0.027296     0.0270427     0.0267262     0.0260638     0.0254599     0.0247093     0.0239495     0.0237635     0.0226492     
0.0324228     0.0327981     0.0321202     0.0312827     0.0306788     0.0309798     0.0300839     0.0303252     0.0295957     0.0291957     0.0284248     0.0275268     0.0280312     0.0276648     0.0275281     0.0269112     0.0266106     0.0260342     0.0247261     0.0251386     0.0246632     
0.028088     0.0293226     0.0290417     0.0295183     0.0298195     0.0300839     0.0298115     0.0295047     0.0291651     0.0288332     0.0284713     0.0279055     0.0279209     0.0279071     0.027727     0.0274884     0.026718     0.0267172     0.0264594     0.0261686     0.0261497     
0.0297116     0.0311219     0.0312881     0.0302791     0.0296513     0.0303252     0.0295047     0.0306034     0.0299414     0.0297131     0.0288575     0.0279863     0.0287267     0.0282167     0.0281952     0.0274918     0.0278046     0.0269414     0.0253515     0.02655     0.0261315     
0.027614     0.0293691     0.0295475     0.0291821     0.0290468     0.0295957     0.0291651     0.0299414     0.0295726     0.029416     0.0288764     0.0283027     0.0286274     0.0283345     0.02825     0.0277342     0.0277452     0.0271296     0.0262669     0.0269762     0.0266442     
0.0271031     0.0288028     0.0290349     0.0286887     0.0285842     0.0291957     0.0288332     0.0297131     0.029416     0.0293848     0.0289625     0.028467     0.0288348     0.0285326     0.0284547     0.0279431     0.0279903     0.0273705     0.0265032     0.0272595     0.0270114     
0.024851     0.02693     0.027068     0.0274548     0.0279988     0.0284248     0.0284713     0.0288575     0.0288764     0.0289625     0.0290216     0.0289921     0.0287877     0.0287685     0.02861     0.0283161     0.0280217     0.0276314     0.0277256     0.0278722     0.027462     
0.0222361     0.025243     0.0252953     0.0260947     0.0274003     0.0275268     0.0279055     0.0279863     0.0283027     0.028467     0.0289921     0.0297665     0.0286422     0.0289665     0.0287361     0.0285698     0.0283491     0.0277306     0.0291068     0.0288822     0.0275244     
0.0241001     0.0262479     0.0268185     0.0269734     0.027296     0.0280312     0.0279209     0.0287267     0.0286274     0.0288348     0.0287877     0.0286422     0.0290229     0.0289513     0.0289865     0.0286903     0.0287706     0.0283498     0.0278912     0.0285631     0.0283439     
0.0213386     0.02426     0.0250415     0.0260612     0.0270427     0.0276648     0.0279071     0.0282167     0.0283345     0.0285326     0.0287685     0.0289665     0.0289513     0.0292682     0.0293404     0.0293576     0.0291845     0.0291081     0.0295358     0.0297093     0.0294422     
0.0198193     0.023365     0.0246122     0.0257383     0.0267262     0.0275281     0.027727     0.0281952     0.02825     0.0284547     0.02861     0.0287361     0.0289865     0.0293404     0.0295672     0.0296779     0.0297365     0.0297641     0.0300536     0.0305188     0.0303193     
0.0160921     0.0204532     0.0222322     0.0244577     0.0260638     0.0269112     0.0274884     0.0274918     0.0277342     0.0279431     0.0283161     0.0285698     0.0286903     0.0293576     0.0296779     0.0302261     0.0300191     0.0306875     0.031648     0.0316883     0.0319836     
0.0148995     0.0205708     0.0230838     0.0242568     0.0254599     0.0266106     0.026718     0.0278046     0.0277452     0.0279903     0.0280217     0.0283491     0.0287706     0.0291845     0.0297365     0.0300191     0.03111     0.0309577     0.0313437     0.0328027     0.0321919     
0.0104139     0.0165762     0.0197738     0.0227792     0.0247093     0.0260342     0.0267172     0.0269414     0.0271296     0.0273705     0.0276314     0.0277306     0.0283498     0.0291081     0.0297641     0.0306875     0.0309577     0.0321853     0.0331178     0.0337358     0.0348049     
0.00283658     0.0114223     0.0148508     0.020012     0.0239495     0.0247261     0.0264594     0.0253515     0.0262669     0.0265032     0.0277256     0.0291068     0.0278912     0.0295358     0.0300536     0.031648     0.0313437     0.0331178     0.0370575     0.0363063     0.0368018     
0.00305948     0.0126739     0.0169881     0.020694     0.0237635     0.0251386     0.0261686     0.02655     0.0269762     0.0272595     0.0278722     0.0288822     0.0285631     0.0297093     0.0305188     0.0316883     0.0328027     0.0337358     0.0363063     0.0375947     0.03803     
0.00141038     0.00932823     0.0143171     0.0194757     0.0226492     0.0246632     0.0261497     0.0261315     0.0266442     0.0270114     0.027462     0.0275244     0.0283439     0.0294422     0.0303193     0.0319836     0.0321919     0.0348049     0.0368018     0.03803     0.0434919     
