0.0755877     0.0593533     0.0505519     0.046633     0.0452983     0.0431345     0.0402071     0.0391026     0.0358593     0.0335747     0.0324836     0.0306155     0.0257383     0.0264935     0.0233879     0.0205914     0.0200921     0.0183384     0.0181547     0.0101707     0.0188263     
0.0593533     0.055059     0.0507307     0.0490864     0.0485521     0.047507     0.0463631     0.0452084     0.0431927     0.0427481     0.0416549     0.0400363     0.0377979     0.0375822     0.0358028     0.0343216     0.0347136     0.0327791     0.0318651     0.0293821     0.0329781     
0.0505519     0.0507307     0.04989     0.0498715     0.0501678     0.0499476     0.0493848     0.0485462     0.0472923     0.0473925     0.0466248     0.0455974     0.0445555     0.0440142     0.0432551     0.0429147     0.0436191     0.0428405     0.0427441     0.0418877     0.0447447     
0.046633     0.0490864     0.0498715     0.0508649     0.0518043     0.0520459     0.0517875     0.0511537     0.0502024     0.0505461     0.0499666     0.0492387     0.0487146     0.0482704     0.0479828     0.048189     0.0491974     0.0489985     0.049393     0.049374     0.0524828     
0.0452983     0.0485521     0.0501678     0.0518043     0.053506     0.0542801     0.0542689     0.05403     0.0532299     0.0536037     0.0533141     0.052954     0.0526324     0.0526608     0.0525836     0.0530007     0.0541242     0.0544143     0.0554997     0.0555863     0.060077     
0.0431345     0.047507     0.0499476     0.0520459     0.0542801     0.0556081     0.0560163     0.0561331     0.055567     0.0561064     0.0560776     0.0560498     0.0560813     0.0563541     0.0564708     0.0570584     0.0581895     0.0587894     0.0603184     0.0608239     0.0659815     
0.0402071     0.0463631     0.0493848     0.0517875     0.0542689     0.0560163     0.0570598     0.0574903     0.0572404     0.0581438     0.0582712     0.0584514     0.0590388     0.0593726     0.0596324     0.0602908     0.0614455     0.0619218     0.0634313     0.0649351     0.0697286     
0.0391026     0.0452084     0.0485462     0.0511537     0.05403     0.0561331     0.0574903     0.0585262     0.0585207     0.0594166     0.0598334     0.0604015     0.0611821     0.0620328     0.0623849     0.0630809     0.0641851     0.0649274     0.0669747     0.0683521     0.074304     
0.0358593     0.0431927     0.0472923     0.0502024     0.0532299     0.055567     0.0572404     0.0585207     0.0589621     0.0601841     0.0607436     0.0615363     0.062871     0.0636666     0.0643152     0.0652736     0.0663613     0.0672248     0.0693211     0.0714055     0.076778     
0.0335747     0.0427481     0.0473925     0.0505461     0.0536037     0.0561064     0.0581438     0.0594166     0.0601841     0.0619153     0.0625424     0.0633887     0.0652875     0.0658544     0.066726     0.0678878     0.0690951     0.0697742     0.0715867     0.0747652     0.0789761     
0.0324836     0.0416549     0.0466248     0.0499666     0.0533141     0.0560776     0.0582712     0.0598334     0.0607436     0.0625424     0.0634945     0.0646814     0.0667444     0.0676589     0.068676     0.0699777     0.0712411     0.072243     0.074497     0.0776363     0.0826506     
0.0306155     0.0400363     0.0455974     0.0492387     0.052954     0.0560498     0.0584514     0.0604015     0.0615363     0.0633887     0.0646814     0.0663411     0.0687643     0.0700801     0.0713536     0.0728961     0.0742146     0.0756393     0.0784408     0.0816103     0.0873487     
0.0257383     0.0377979     0.0445555     0.0487146     0.0526324     0.0560813     0.0590388     0.0611821     0.062871     0.0652875     0.0667444     0.0687643     0.0723042     0.0735825     0.0754413     0.0774926     0.0790013     0.0804791     0.0832098     0.0878372     0.0921077     
0.0264935     0.0375822     0.0440142     0.0482704     0.0526608     0.0563541     0.0593726     0.0620328     0.0636666     0.0658544     0.0676589     0.0700801     0.0735825     0.0761899     0.0782204     0.0803887     0.0822403     0.0841393     0.0876252     0.0916202     0.0982508     
0.0233879     0.0358028     0.0432551     0.0479828     0.0525836     0.0564708     0.0596324     0.0623849     0.0643152     0.066726     0.068676     0.0713536     0.0754413     0.0782204     0.0809321     0.0838553     0.0862199     0.0887079     0.0925468     0.0970863     0.103358     
0.0205914     0.0343216     0.0429147     0.048189     0.0530007     0.0570584     0.0602908     0.0630809     0.0652736     0.0678878     0.0699777     0.0728961     0.0774926     0.0803887     0.0838553     0.0877933     0.0909141     0.0942469     0.0985049     0.103541     0.109538     
0.0200921     0.0347136     0.0436191     0.0491974     0.0541242     0.0581895     0.0614455     0.0641851     0.0663613     0.0690951     0.0712411     0.0742146     0.0790013     0.0822403     0.0862199     0.0909141     0.0950508     0.098928     0.103477     0.10883     0.114976     
0.0183384     0.0327791     0.0428405     0.0489985     0.0544143     0.0587894     0.0619218     0.0649274     0.0672248     0.0697742     0.072243     0.0756393     0.0804791     0.0841393     0.0887079     0.0942469     0.098928     0.10418     0.109873     0.114839     0.122739     
0.0181547     0.0318651     0.0427441     0.049393     0.0554997     0.0603184     0.0634313     0.0669747     0.0693211     0.0715867     0.074497     0.0784408     0.0832098     0.0876252     0.0925468     0.0985049     0.103477     0.109873     0.117086     0.121371     0.132093     
0.0101707     0.0293821     0.0418877     0.049374     0.0555863     0.0608239     0.0649351     0.0683521     0.0714055     0.0747652     0.0776363     0.0816103     0.0878372     0.0916202     0.0970863     0.103541     0.10883     0.114839     0.121371     0.129176     0.137315     
0.0188263     0.0329781     0.0447447     0.0524828     0.060077     0.0659815     0.0697286     0.074304     0.076778     0.0789761     0.0826506     0.0873487     0.0921077     0.0982508     0.103358     0.109538     0.114976     0.122739     0.132093     0.137315     0.15545     
