0.0336137     0.0216733     0.0182486     0.0214257     0.016942     0.0258175     0.0224899     0.0227151     0.0222822     0.0136857     0.0170947     0.0178057     0.0191095     0.0255241     0.0227799     0.0181003     0.0272116     0.0153191     0.0234361     0.0144729     0.0220089     
0.0216733     0.0531448     0.00671911     0.025798     0.0197443     0.00816985     0.00472159     0.0323391     0.0321068     -0.00429272     -0.00403829     0.0335975     0.0312501     0.0377514     0.0188179     0.00638075     0.0433538     0.028901     0.0182091     0.0525578     0.0131221     
0.0182486     0.00671911     0.0459461     0.0189927     0.0220929     0.0266219     0.0378018     0.0101178     0.00724234     0.0413356     0.0426358     0.0090498     0.0180235     -0.00419733     0.0254333     0.0320996     -0.0054058     0.0123839     0.00355152     0.00391401     0.0236058     
0.0214257     0.025798     0.0189927     0.0264301     0.023162     0.0175005     0.0158771     0.0230896     0.0247347     0.0165081     0.0157944     0.0263286     0.0216796     0.0257275     0.0213229     0.0171677     0.0233573     0.0202511     0.0270877     0.0310094     0.0127146     
0.016942     0.0197443     0.0220929     0.023162     0.0297358     0.019214     0.0173885     0.0180047     0.0164579     0.0217253     0.0224928     0.0187893     0.0177772     0.0180646     0.0227195     0.0230538     0.0127996     0.00708569     0.0172663     0.0358836     0.00969898     
0.0258175     0.00816985     0.0266219     0.0175005     0.019214     0.0422281     0.0352323     0.0156278     0.00695651     0.0344916     0.0375573     -0.000979214     0.0126692     0.0127298     0.0266287     0.0371496     0.00830204     0.0147678     0.0202123     -0.00745336     0.0258341     
0.0224899     0.00472159     0.0378018     0.0158771     0.0173885     0.0352323     0.0509873     0.00995465     0.0035061     0.0413526     0.0405258     0.0014004     0.0192586     -0.00192143     0.0329346     0.0390432     -0.00587784     0.0102938     0.00974929     -0.0206643     0.025071     
0.0227151     0.0323391     0.0101178     0.0230896     0.0180047     0.0156278     0.00995465     0.0349847     0.0322189     0.00526475     0.00273442     0.0313033     0.0252793     0.0394772     0.0201803     0.0150373     0.0404675     0.0265716     0.0294844     0.0406891     0.0166681     
0.0222822     0.0321068     0.00724234     0.0247347     0.0164579     0.00695651     0.0035061     0.0322189     0.0495294     -0.000550237     0.000659327     0.0418513     0.029865     0.0447034     0.0142434     0.00441329     0.0487809     0.0298443     0.0280096     0.0400961     0.0264584     
0.0136857     -0.00429272     0.0413356     0.0165081     0.0217253     0.0344916     0.0413526     0.00526475     -0.000550237     0.0726931     0.0534986     -0.000151427     0.00678663     -0.0195099     0.0164628     0.022989     -0.0232727     0.0160691     0.0155452     -0.0147172     0.01389     
0.0170947     -0.00403829     0.0426358     0.0157944     0.0224928     0.0375573     0.0405258     0.00273442     0.000659327     0.0534986     0.0652265     0.000642688     0.0080196     -0.0101385     0.0243862     0.0320199     -0.00935367     0.0101492     0.00185424     -0.0222909     0.0308017     
0.0178057     0.0335975     0.0090498     0.0263286     0.0187893     -0.000979214     0.0014004     0.0313033     0.0418513     -0.000151427     0.000642688     0.0534207     0.0281279     0.035965     0.0139469     0.0011994     0.0499377     0.0306529     0.0242312     0.0535229     0.0149784     
0.0191095     0.0312501     0.0180235     0.0216796     0.0177772     0.0126692     0.0192586     0.0252793     0.029865     0.00678663     0.0080196     0.0281279     0.0362293     0.0280567     0.025178     0.0212288     0.0295528     0.0188551     0.018101     0.0337508     0.0215553     
0.0255241     0.0377514     -0.00419733     0.0257275     0.0180646     0.0127298     -0.00192143     0.0394772     0.0447034     -0.0195099     -0.0101385     0.035965     0.0280567     0.0737903     0.0236332     0.0220797     0.0673811     0.0254602     0.0305966     0.0512694     0.0270462     
0.0227799     0.0188179     0.0254333     0.0213229     0.0227195     0.0266287     0.0329346     0.0201803     0.0142434     0.0164628     0.0243862     0.0139469     0.025178     0.0236332     0.0403274     0.041778     0.0120042     0.00264967     0.02021     0.0118098     0.0215218     
0.0181003     0.00638075     0.0320996     0.0171677     0.0230538     0.0371496     0.0390432     0.0150373     0.00441329     0.022989     0.0320199     0.0011994     0.0212288     0.0220797     0.041778     0.0699238     0.00531046     0.00576733     0.0103195     0.00527988     0.0306441     
0.0272116     0.0433538     -0.0054058     0.0233573     0.0127996     0.00830204     -0.00587784     0.0404675     0.0487809     -0.0232727     -0.00935367     0.0499377     0.0295528     0.0673811     0.0120042     0.00531046     0.109498     0.0458115     0.0198902     0.0647012     0.0200492     
0.0153191     0.028901     0.0123839     0.0202511     0.00708569     0.0147678     0.0102938     0.0265716     0.0298443     0.0160691     0.0101492     0.0306529     0.0188551     0.0254602     0.00264967     0.00576733     0.0458115     0.0653457     0.0227879     0.0249976     0.0188286     
0.0234361     0.0182091     0.00355152     0.0270877     0.0172663     0.0202123     0.00974929     0.0294844     0.0280096     0.0155452     0.00185424     0.0242312     0.018101     0.0305966     0.02021     0.0103195     0.0198902     0.0227879     0.0785087     0.0232717     -0.00833725     
0.0144729     0.0525578     0.00391401     0.0310094     0.0358836     -0.00745336     -0.0206643     0.0406891     0.0400961     -0.0147172     -0.0222909     0.0535229     0.0337508     0.0512694     0.0118098     0.00527988     0.0647012     0.0249976     0.0232717     0.14375     -0.00983206     
0.0220089     0.0131221     0.0236058     0.0127146     0.00969898     0.0258341     0.025071     0.0166681     0.0264584     0.01389     0.0308017     0.0149784     0.0215553     0.0270462     0.0215218     0.0306441     0.0200492     0.0188286     -0.00833725     -0.00983206     0.0769995     
