12313.7       46600.9       72827.7       82437.1       83637       79361.8       69463.4       64448.5       52881.6       43769.8       35187.9       26620.5       19149.4       14979.3       9966.97       6022.18       4336.93       2422.01       786.1       -371.642       300.04       6843.03       8181.58       8055.11       8274.15       8447.67       8503.52       8089.37       7923       7256.92       6911.6       6326.02       5178.67       4353.11       3316.64       2371.47       1535.08       905.679       544.579       244.714       214.145       138.808       
46600.9       216047       359110       427417       447425       435595       402408       372526       320435       280772       230301       183050       144221       111684       82111.9       57970.9       45108.6       29100.1       17431.3       14625       9580.96       37149.7       45467.5       45112.9       46625       47964.8       48875.2       47009.6       46513.8       42825.6       41115.8       37828.1       31333.2       26481.2       20355.3       14526.1       9340.58       5529.71       3299.67       1492.87       1292.11       865.012       
72827.7       359110       643478       791249       849517       841827       792449       735126       646368       573136       477293       388464       314373       244782       186602       139193       108202       75719.4       50946.5       45733.6       30532.6       71798.7       88413.3       88053.9       91280.5       94057.6       96331.9       93051.6       92437.3       85368.1       82212.7       75825       63128.2       53495.4       41294.6       29469       18916.5       11229.6       6696.22       3049.93       2632.1       1792.8       
82437.1       427417       791249       1.0114e+06       1.10023e+06       1.10256e+06       1.04761e+06       974377       865806       771614       647698       533353       437076       342473       265599       202969       158281       114600       80236.6       73665.8       50173.4       93719       115678       115500       120018       123737       126972       122842       122221       113096       109095       100754       84081.6       71388.6       55262.3       39471.7       25348.6       15077.8       9001.96       4125.01       3554.75       2451.49       
83637       447425       849517       1.10023e+06       1.22924e+06       1.2407e+06       1.18746e+06       1.11161e+06       993967       887622       750236       623210       514996       407206       318563       245998       191916       141596       101101       93592       65366.9       103991       129034       129229       134726       139432       143637       139440       139108       129055       124754       115461       96725.2       82330.7       63939.4       45684.6       29317       17456.2       10420.3       4796.53       4122.12       2875.13       
79361.8       435595       841827       1.10256e+06       1.2407e+06       1.2775e+06       1.22673e+06       1.15605e+06       1.03816e+06       928906       789434       660007       548689       436852       343205       266139       207544       154551       111485       103852       73632.4       105518       131545       132000       137937       143257       148309       144575       144647       134468       130259       120808       101598       86661.9       67486.8       48215.5       30897.6       18419.5       10987.6       5074.28       4351.47       3064.75       
69463.4       402408       792449       1.04761e+06       1.18746e+06       1.22673e+06       1.20323e+06       1.13415e+06       1.02606e+06       924072       788410       663267       555919       442923       349284       271702       211917       157650       114441       108253       75559.9       101301       126956       127774       133789       139492       145146       142227       142840       133111       129186       120074       101406       86695.1       67682.5       48354.8       30946.8       18463.4       11003.8       5097.03       4360.75       3094.63       
64448.5       372526       735126       974377       1.11161e+06       1.15605e+06       1.13415e+06       1.09166e+06       984953       886385       758952       640967       539040       433543       341931       265443       207135       154417       112201       106125       75504.5       94697.3       119056       120036       125961       131752       137706       135645       136871       127914       124407       115878       98310.5       84243.2       65953.3       47123.7       30106.9       17978.5       10695.9       4967.5       4236.42       3029.43       
52881.6       320435       646368       865806       993967       1.03816e+06       1.02606e+06       984953       906005       815676       700989       595291       503948       405013       320963       250626       195016       145907       106831       101601       71351.3       85981.1       107982       108911       114398       119823       125522       123994       125451       117550       114511       106801       90855       77973.8       61163.8       43730.4       27919.8       16687.8       9923.78       4619.64       3934.01       2828.49       
43769.8       280772       573136       771614       887622       928906       924072       886385       815676       748300       640623       545577       464152       372027       295624       231442       180456       134410       98571       94909.8       65192.4       77058       97070.3       98063.9       103105       108164       113482       112259       113745       106751       104187       97312.9       82921.4       71222.5       55922.1       40000.1       25536.8       15271.4       9079.73       4233.74       3601.45       2596.31       
35187.9       230301       477293       647698       750236       789434       788410       758952       700989       640623       558280       474696       405293       326061       259866       204183       159038       119258       87959       84564       58555.8       65716.9       82731.4       83652.4       88019.7       92463.2       97225.8       96392       97813.4       91976.5       89935.7       84194.8       71960.1       61902.5       48683.8       34845       22247.5       13320       7923.4       3704.92       3149       2282.3       
26620.5       183050       388464       533353       623210       660007       663267       640967       595291       545577       474696       412256       351469       283773       227107       179296       139538       105258       78147.2       75227       52161.9       55380.9       69609.3       70408.8       74163.9       78043.6       82303.3       81834       83228.4       78405.5       76796.4       72059.3       61848.2       53314.6       42026.8       30094.9       19203.7       11508.3       6843.71       3211.18       2723.24       1985.47       
19149.4       144221       314373       437076       514996       548689       555919       539040       503948       464152       405293       351469       307209       246832       198624       157561       122848       92813.5       69236.9       67111.2       46112.7       46352.1       58228.9       58960.8       62183.5       65625.1       69401.7       69236.7       70613.8       66646       65399.2       61479.1       52993.5       45809.9       36222.4       25976.8       16564.9       9932.79       5900.37       2774.15       2347.86       1717.74       
14979.3       111684       244782       342473       407206       436852       442923       433543       405013       372027       326061       283773       246832       205177       164003       130397       102214       77732.5       58046.4       56138.8       39541       37289.4       46444.3       46920.1       49471.6       52174.4       55265.5       55259.8       56447.1       53414.9       52491.6       49420.4       42757       37074.9       29437.5       21172.9       13511.9       8118.67       4827.43       2280.25       1927.5       1418.97       
9966.97       82111.9       186602       265599       318563       343205       349284       341931       320963       295624       259866       227107       198624       164003       135299       107255       84483.2       64801.7       48732.1       47220       33246.8       29787.4       36868.5       37207       39168.9       41259.8       43676.4       43671.9       44607.7       42256.2       41556.1       39144.1       33907.8       29446       23427.3       16903       10815.1       6510.73       3880.92       1840.02       1555.61       1147.26       
6022.18       57970.9       139193       202969       245998       266139       271702       265443       250626       231442       204183       179296       157561       130397       107255       88721.9       69174.3       53758.9       40800.7       39511.7       27850.6       23607.7       29031.6       29239.6       30708.8       32228.6       34047.2       33993       34680.2       32878.2       32344.1       30481.9       26416.6       22960.6       18298.6       13246.6       8511.42       5139.76       3077.3       1467.67       1241.07       917.75       
4336.93       45108.6       108202       158281       191916       207544       211917       207135       195016       180456       159038       139538       122848       102214       84483.2       69174.3       56686.2       43199.4       32731.8       32004.1       22539.6       18545.4       22669.7       22795.8       23881       24991.9       26334.4       26238.9       26730.8       25349.3       24929.4       23501       20370.4       17707.9       14122.1       10256.8       6617.64       4007.65       2410.49       1153.62       977.141       720.616       
2422.01       29100.1       75719.4       114600       141596       154551       157650       154417       145907       134410       119258       105258       92813.5       77732.5       64801.7       53758.9       43199.4       35159.9       26356       25465.7       18455.3       14023.9       17037.6       17103.1       17876.4       18636.6       19612.6       19515.3       19853.6       18842.4       18532       17476.1       15150       13175.8       10521.4       7660.54       4959.01       3012.47       1820.39       876.805       744.122       551.779       
786.1       17431.3       50946.5       80236.6       101101       111485       114441       112201       106831       98571       87959       78147.2       69236.9       58046.4       48732.1       40800.7       32731.8       26356       21066.2       19755.2       14447.5       10221.2       12388.9       12451       13004.6       13566.7       14296       14240.6       14495.3       13770.6       13558.1       12792.4       11101.7       9666.96       7724.62       5629.78       3648.66       2218.6       1342.51       650.874       551.788       412.046       
-371.642       14625       45733.6       73665.8       93592       103852       108253       106125       101601       94909.8       84564       75227       67111.2       56138.8       47220       39511.7       32004.1       25465.7       19755.2       20210.8       14081.7       9623.77       11645.2       11708.2       12222.2       12742.1       13449.2       13412.9       13660.3       12987.9       12808.4       12088.9       10499.6       9154.33       7325.86       5342.65       3463.97       2108.96       1277.52       623.913       529.007       399.616       
300.04       9580.96       30532.6       50173.4       65366.9       73632.4       75559.9       75504.5       71351.3       65192.4       58555.8       52161.9       46112.7       39541       33246.8       27850.6       22539.6       18455.3       14447.5       14081.7       11570.5       6804.56       8152.02       8186.47       8507.87       8801.72       9284.5       9236.01       9381.14       8931.12       8814.52       8316.43       7219.23       6301.85       5056.53       3699.83       2411.38       1473.34       900.144       449.421       381.599       295.423       
6843.03       37149.7       71798.7       93719       103991       105518       101301       94697.3       85981.1       77058       65716.9       55380.9       46352.1       37289.4       29787.4       23607.7       18545.4       14023.9       10221.2       9623.77       6804.56       18704.4       15533       13601.6       13606.5       13179.8       13903.5       13146.2       12760       11328.9       10712.8       10297.7       8530.26       7295.82       5614.95       4211.55       2367.99       1711.8       1020.36       478.249       433.744       297.614       
8181.58       45467.5       88413.3       115678       129034       131545       126956       119056       107982       97070.3       82731.4       69609.3       58228.9       46444.3       36868.5       29031.6       22669.7       17037.6       12388.9       11645.2       8152.02       15533       20138.5       16270.6       15923.1       15595.7       15388       15346       15701       15033.5       14231.4       11763.4       11254.4       9990.74       7487.7       4930.9       3052.56       2121.27       1189.84       646.383       687.844       368.931       
8055.11       45112.9       88053.9       115500       129229       132000       127774       120036       108911       98063.9       83652.4       70408.8       58960.8       46920.1       37207       29239.6       22795.8       17103.1       12451       11708.2       8186.47       13601.6       16270.6       17456.6       16044       16061.2       16620       15888.6       15731       14271.4       14575.8       13435.3       10772.8       9127.75       7116.13       5268.87       3455.93       1911.72       1210.14       514.093       494.983       372.631       
8274.15       46625       91280.5       120018       134726       137937       133789       125961       114398       103105       88019.7       74163.9       62183.5       49471.6       39168.9       30708.8       23881       17876.4       13004.6       12222.2       8507.87       13606.5       15923.1       16044       17476.7       16705.5       17167.1       16551.1       16194.6       15295.4       15198.6       14081       11557.4       9591.65       7396.85       5375.4       3480.47       2003.89       1310.55       586.09       490.545       355.572       
8447.67       47964.8       94057.6       123737       139432       143257       139492       131752       119823       108164       92463.2       78043.6       65625.1       52174.4       41259.8       32228.6       24991.9       18636.6       13566.7       12742.1       8801.72       13179.8       15595.7       16061.2       16705.5       18839.8       18230.1       17452       17086.4       15491.4       16034.7       15074.2       12000.4       10017.4       7842.99       5950.78       3795.27       2075.4       1263.92       589.945       512.099       336.48       
8503.52       48875.2       96331.9       126972       143637       148309       145146       137706       125522       113482       97225.8       82303.3       69401.7       55265.5       43676.4       34047.2       26334.4       19612.6       14296       13449.2       9284.5       13903.5       15388       16620       17167.1       18230.1       20827.6       18641.9       17964       15231.7       16758.6       16719.7       11987.5       10298.2       7959.41       6531.55       4077.57       2130.93       1421.2       505.658       403.551       324.746       
8089.37       47009.6       93051.6       122842       139440       144575       142227       135645       123994       112259       96392       81834       69236.7       55259.8       43671.9       33993       26238.9       19515.3       14240.6       13412.9       9236.01       13146.2       15346       15888.6       16551.1       17452       18641.9       19459.6       17837.5       15848.2       16439.3       15831.8       12564.1       10906.1       8233.37       6413.3       4009.88       2216.74       1393.23       574.196       485.148       345.461       
7923       46513.8       92437.3       122221       139108       144647       142840       136871       125451       113745       97813.4       83228.4       70613.8       56447.1       44607.7       34680.2       26730.8       19853.6       14495.3       13660.3       9381.14       12760       15701       15731       16194.6       17086.4       17964       17837.5       19267.2       16928.4       16279.8       15150.6       13250.9       11361.9       9013.1       6476.57       4106.75       2421.94       1381.63       667.197       594.3       418.52       
7256.92       42825.6       85368.1       113096       129055       134468       133111       127914       117550       106751       91976.5       78405.5       66646       53414.9       42256.2       32878.2       25349.3       18842.4       13770.6       12987.9       8931.12       11328.9       15033.5       14271.4       15295.4       15491.4       15231.7       15848.2       16928.4       19033.6       15239.1       13121.9       13598.5       11378.6       9136.54       5476.48       3710.18       2609.85       1329.62       857.126       727.972       463.816       
6911.6       41115.8       82212.7       109095       124754       130259       129186       124407       114511       104187       89935.7       76796.4       65399.2       52491.6       41556.1       32344.1       24929.4       18532       13558.1       12808.4       8814.52       10712.8       14231.4       14575.8       15198.6       16034.7       16758.6       16439.3       16279.8       15239.1       16802.7       14681.4       11894.3       10160.2       7697.2       5795.7       3661.53       2056.26       1303.87       557.37       481.165       307.514       
6326.02       37828.1       75825       100754       115461       120808       120074       115878       106801       97312.9       84194.8       72059.3       61479.1       49420.4       39144.1       30481.9       23501       17476.1       12792.4       12088.9       8316.43       10297.7       11763.4       13435.3       14081       15074.2       16719.7       15831.8       15150.6       13121.9       14681.4       15717       10642.8       8933.52       6964.42       5694.62       3566.93       1849.38       1318.83       404.693       268.94       298.693       
5178.67       31333.2       63128.2       84081.6       96725.2       101598       101406       98310.5       90855       82921.4       71960.1       61848.2       52993.5       42757       33907.8       26416.6       20370.4       15150       11101.7       10499.6       7219.23       8530.26       11254.4       10772.8       11557.4       12000.4       11987.5       12564.1       13250.9       13598.5       11894.3       10642.8       11196.3       8933.2       7118.59       4595.75       3056.96       2008.23       1042.22       617.866       551.399       352.384       
4353.11       26481.2       53495.4       71388.6       82330.7       86661.9       86695.1       84243.2       77973.8       71222.5       61902.5       53314.6       45809.9       37074.9       29446       22960.6       17707.9       13175.8       9666.96       9154.33       6301.85       7295.82       9990.74       9127.75       9591.65       10017.4       10298.2       10906.1       11361.9       11378.6       10160.2       8933.52       8933.2       8493.02       6237.56       4095.9       2690.21       1751.68       874.753       526.512       496.724       297.044       
3316.64       20355.3       41294.6       55262.3       63939.4       67486.8       67682.5       65953.3       61163.8       55922.1       48683.8       42026.8       36222.4       29437.5       23427.3       18298.6       14122.1       10521.4       7724.62       7325.86       5056.53       5614.95       7487.7       7116.13       7396.85       7842.99       7959.41       8233.37       9013.1       9136.54       7697.2       6964.42       7118.59       6237.56       5567.32       3265.22       2214.55       1459.98       710.651       441.742       415.636       287.093       
2371.47       14526.1       29469       39471.7       45684.6       48215.5       48354.8       47123.7       43730.4       40000.1       34845       30094.9       25976.8       21172.9       16903       13246.6       10256.8       7660.54       5629.78       5342.65       3699.83       4211.55       4930.9       5268.87       5375.4       5950.78       6531.55       6413.3       6476.57       5476.48       5795.7       5694.62       4595.75       4095.9       3265.22       2877.54       1682.4       863.287       497.713       228.13       207.319       139.546       
1535.08       9340.58       18916.5       25348.6       29317       30897.6       30946.8       30106.9       27919.8       25536.8       22247.5       19203.7       16564.9       13511.9       10815.1       8511.42       6617.64       4959.01       3648.66       3463.97       2411.38       2367.99       3052.56       3455.93       3480.47       3795.27       4077.57       4009.88       4106.75       3710.18       3661.53       3566.93       3056.96       2690.21       2214.55       1682.4       1384.87       593.107       306.905       179.099       163.039       106.735       
905.679       5529.71       11229.6       15077.8       17456.2       18419.5       18463.4       17978.5       16687.8       15271.4       13320       11508.3       9932.79       8118.67       6510.73       5139.76       4007.65       3012.47       2218.6       2108.96       1473.34       1711.8       2121.27       1911.72       2003.89       2075.4       2130.93       2216.74       2421.94       2609.85       2056.26       1849.38       2008.23       1751.68       1459.98       863.287       593.107       570.14       203.513       135.726       128.881       84.3502       
544.579       3299.67       6696.22       9001.96       10420.3       10987.6       11003.8       10695.9       9923.78       9079.73       7923.4       6843.71       5900.37       4827.43       3880.92       3077.3       2410.49       1820.39       1342.51       1277.52       900.144       1020.36       1189.84       1210.14       1310.55       1263.92       1421.2       1393.23       1381.63       1329.62       1303.87       1318.83       1042.22       874.753       710.651       497.713       306.905       203.513       225.793       48.5431       32.5692       44.1282       
244.714       1492.87       3049.93       4125.01       4796.53       5074.28       5097.03       4967.5       4619.64       4233.74       3704.92       3211.18       2774.15       2280.25       1840.02       1467.67       1153.62       876.805       650.874       623.913       449.421       478.249       646.383       514.093       586.09       589.945       505.658       574.196       667.197       857.126       557.37       404.693       617.866       526.512       441.742       228.13       179.099       135.726       48.5431       107.597       56.1875       19.1648       
214.145       1292.11       2632.1       3554.75       4122.12       4351.47       4360.75       4236.42       3934.01       3601.45       3149       2723.24       2347.86       1927.5       1555.61       1241.07       977.141       744.122       551.788       529.007       381.599       433.744       687.844       494.983       490.545       512.099       403.551       485.148       594.3       727.972       481.165       268.94       551.399       496.724       415.636       207.319       163.039       128.881       32.5692       56.1875       97.3653       19.8815       
138.808       865.012       1792.8       2451.49       2875.13       3064.75       3094.63       3029.43       2828.49       2596.31       2282.3       1985.47       1717.74       1418.97       1147.26       917.75       720.616       551.779       412.046       399.616       295.423       297.614       368.931       372.631       355.572       336.48       324.746       345.461       418.52       463.816       307.514       298.693       352.384       297.044       287.093       139.546       106.735       84.3502       44.1282       19.1648       19.8815       60.2598       
