6
3.519001e+00
-3.517181e+00
1.594921e+00
-4.170942e-01
5.004076e-02
-2.303014e-03
5.263690e-01  -6.367415e-01  2.904196e-01  -6.279690e-02  6.479472e-03  -2.567448e-04  
-6.367415e-01  7.761193e-01  -3.562845e-01  7.748209e-02  -8.034905e-03  3.197695e-04  
2.904196e-01  -3.562845e-01  1.645781e-01  -3.599626e-02  3.751945e-03  -1.499952e-04  
-6.279690e-02  7.748209e-02  -3.599626e-02  7.915560e-03  -8.291272e-04  3.329441e-05  
6.479472e-03  -8.034905e-03  3.751945e-03  -8.291272e-04  8.724861e-05  -3.518354e-06  
-2.567448e-04  3.197695e-04  -1.499952e-04  3.329441e-05  -3.518354e-06  1.424372e-07  
