6
2.559914e+00
-2.653881e+00
1.255548e+00
-3.616574e-01
4.547216e-02
-2.142799e-03
1.609917e-01  -2.223474e-01  1.142008e-01  -2.746126e-02  3.116663e-03  -1.344996e-04  
-2.223474e-01  3.116763e-01  -1.618509e-01  3.929060e-02  -4.495624e-03  1.953759e-04  
1.142008e-01  -1.618509e-01  8.491568e-02  -2.080489e-02  2.400068e-03  -1.050663e-04  
-2.746126e-02  3.929060e-02  -2.080489e-02  5.141479e-03  -5.978461e-04  2.636191e-05  
3.116663e-03  -4.495624e-03  2.400068e-03  -5.978461e-04  7.004201e-05  -3.110424e-06  
-1.344996e-04  1.953759e-04  -1.050663e-04  2.636191e-05  -3.110424e-06  1.390755e-07  
