    0.093456944   0.064591726   0.050125528   0.050546959   0.042634904   0.037164188   0.027335093   0.019055297   0.011145622   0.010048978  0.0060297863    0.02034827   0.024890633   0.031693798   0.023807437    0.02942103   0.023979265   0.024730546   0.016475349   0.015903143   0.022144493    0.01439454   0.040459887   0.035514304   0.026425712   0.020890501   0.015583318   0.012711727  0.0086080646  0.0052362023
    0.064591726   0.063196646   0.044649612   0.043292838   0.039922207    0.03757373   0.029564348   0.024246862   0.017693514   0.016929773   0.013458849   0.018918694   0.021138132   0.025242395   0.022279432   0.024913318   0.023422462   0.023750933   0.019244336   0.018853658   0.021768734    0.01842198   0.036392796   0.033570044   0.027857326   0.024665615   0.021334479   0.019575233    0.01684538   0.013478144
    0.050125528   0.044649612   0.045784998   0.039427803   0.038307041   0.035438435   0.031652813   0.028366691   0.025654005   0.024324856   0.023263556   0.015348995   0.019384022   0.021183299   0.023695892   0.027434343   0.024659319   0.024166745   0.025335461   0.021469914   0.025227854   0.022741329   0.033986247   0.032665364   0.029220177   0.027423423   0.025438238   0.024841993   0.023503512   0.022359143
    0.050546959   0.043292838   0.039427803   0.046850683   0.038623669   0.037403806   0.033198862   0.029718628   0.025800505   0.023916809   0.021520325   0.017745789   0.018309745   0.022984986   0.020294666   0.023980126   0.024057291    0.02363426   0.024246114   0.021138579   0.025697163   0.023701831   0.032524272   0.032495413   0.029557541   0.028089907   0.026263042   0.024679191   0.023007393   0.022160636
    0.042634904   0.039922207   0.038307041   0.038623669   0.041905282   0.037867115   0.034834212    0.03265888   0.029584137    0.02905084   0.025950815   0.013433389    0.01579912   0.020409499   0.018676707   0.025160692   0.025648216    0.02544783   0.025452071   0.023420506   0.029323125   0.024843973   0.030645497   0.031476932   0.029948045   0.029597112    0.02926725   0.029083776   0.028452181   0.028788549
    0.037164188    0.03757373   0.035438435   0.037403806   0.037867115   0.043304237   0.035988796    0.03452444   0.032077122   0.031107065   0.026008401   0.013080283    0.01624833   0.020798163   0.018600187   0.024161438   0.024128928   0.023205277   0.023594038   0.025238428   0.030194035   0.026764878   0.028446568   0.030449758    0.03038725   0.030815222   0.031586702   0.030579424   0.030095618     0.0296637
    0.027335093   0.029564348   0.031652813   0.033198862   0.034834212   0.035988796   0.040637625    0.03826859   0.037181227   0.037463752    0.03540997  0.0099386535   0.012958531   0.015469136   0.019608282    0.02125863   0.022729904   0.023563828   0.026577871   0.028608328   0.033024873   0.030483115   0.026808349   0.029682453   0.031530124   0.033170729   0.034863548   0.035509472   0.036832464   0.038227929
    0.019055297   0.024246862   0.028366691   0.029718628    0.03265888    0.03452444    0.03826859   0.044780233   0.042140942   0.044350643   0.044168788    0.00613871  0.0089788228   0.012290281   0.019076451   0.022247561     0.0261035   0.024957577   0.030173527   0.030587659   0.034243808   0.032847794    0.02480606     0.0286368   0.031919889   0.035168631   0.037993699   0.040219696   0.042734166    0.04561767
    0.011145622   0.017693514   0.025654005   0.025800505   0.029584137   0.032077122   0.037181227   0.042140942   0.052843254   0.047367096   0.050809801  0.0019363097  0.0063353109  0.0082218184   0.021090351   0.021699334   0.026797637   0.025903145   0.032460977   0.030391009    0.03445304   0.032905532   0.022707845    0.02718533   0.032028883   0.036420649   0.041427814   0.044630159   0.048463396    0.05199348
    0.010048978   0.016929773   0.024324856   0.023916809    0.02905084   0.031107065   0.037463752   0.044350643   0.047367096   0.061504818   0.057120968-0.00058582468  0.0073142769  0.0070632321   0.018496647   0.020813903   0.029319651   0.025866279   0.035430994   0.034440393    0.03618261    0.03522682   0.022224789   0.026601353   0.031631265   0.036277982   0.041947334   0.047479188   0.052404578   0.055517199
   0.0060297863   0.013458849   0.023263556   0.021520325   0.025950815   0.026008401    0.03540997   0.044168788   0.050809801   0.057120968   0.076480554 -0.0035477355   0.006167739  0.0027074208   0.022873686   0.022624784   0.028886282    0.02432415   0.037345937   0.032840578   0.029090019    0.03508207   0.021683292   0.025999216   0.031910972   0.037145139   0.043534119   0.051216068   0.058233103    0.06296295
     0.02034827   0.018918694   0.015348995   0.017745789   0.013433389   0.013080283  0.0099386535    0.00613871  0.0019363097-0.00058582468 -0.0035477355   0.046441284   0.017969505    0.01521171  0.0051195236  0.0033580576  0.0012330805  0.0001045028  0.0020293593  0.0019341388  0.0082436299  0.0088546772   0.012539047    0.01152407  0.0094084725  0.0080404645  0.0061068508  0.0037479292  0.0011121732  0.0014379551
    0.024890633   0.021138132   0.019384022   0.018309745    0.01579912    0.01624833   0.012958531  0.0089788228  0.0063353109  0.0073142769   0.006167739   0.017969505   0.055896144   0.017718424   0.010309166  0.0086365285    0.01025343  0.0096671395  0.0063683238  0.0024011906   0.015596797   0.010513182    0.01544369   0.014351534   0.012227638    0.01088746  0.0092635337  0.0077467476  0.0058629215   0.004696812
    0.031693798   0.025242395   0.021183299   0.022984986   0.020409499   0.020798163   0.015469136   0.012290281  0.0082218184  0.0070632321  0.0027074208    0.01521171   0.017718424   0.058965846   0.011350403   0.018179102   0.014504468   0.011879133   0.010211918  0.0085525486   0.019862539   0.011365405   0.017054371   0.016785604   0.014493192   0.012878981   0.011570441  0.0087543899  0.0049931846  0.0031999013
    0.023807437   0.022279432   0.023695892   0.020294666   0.018676707   0.018600187   0.019608282   0.019076451   0.021090351   0.018496647   0.022873686  0.0051195236   0.010309166   0.011350403   0.081356362   0.020989021   0.024042824   0.023658295   0.022653106   0.023533932   0.021920646   0.023000356   0.020107345   0.019958261   0.019088932   0.018916536   0.017661879   0.017915339   0.018460816   0.019587313
     0.02942103   0.024913318   0.027434343   0.023980126   0.025160692   0.024161438    0.02125863   0.022247561   0.021699334   0.020813903   0.022624784  0.0033580576  0.0086365285   0.018179102   0.020989021   0.076445306    0.02397424   0.026899849   0.026295804   0.025597709   0.024832472    0.02202609   0.020582919   0.020833966   0.020053307   0.019546412   0.019541433   0.018863704   0.018391373   0.018215984
    0.023979265   0.023422462   0.024659319   0.024057291   0.025648216   0.024128928   0.022729904     0.0261035   0.026797637   0.029319651   0.028886282  0.0012330805    0.01025343   0.014504468   0.024042824    0.02397424   0.085887426   0.028908502    0.03528148   0.026631881   0.031997413   0.026455594   0.021627633   0.022629205   0.022742993   0.023866198   0.024018367   0.024896663   0.025939504   0.026533796
    0.024730546   0.023750933   0.024166745    0.02363426    0.02544783   0.023205277   0.023563828   0.024957577   0.025903145   0.025866279    0.02432415  0.0001045028  0.0096671395   0.011879133   0.023658295   0.026899849   0.028908502   0.084658638    0.02992131   0.031448657   0.028911984   0.029422615   0.021381562   0.022528542   0.022833631    0.02355608   0.023850518   0.024225695   0.025441073   0.026329855
    0.016475349   0.019244336   0.025335461   0.024246114   0.025452071   0.023594038   0.026577871   0.030173527   0.032460977   0.035430994   0.037345937  0.0020293593  0.0063683238   0.010211918   0.022653106   0.026295804    0.03528148    0.02992131    0.10303354   0.032537039     0.0355879   0.041178519    0.02148235   0.023234547   0.024530006   0.026049889   0.026928635     0.0289328   0.031305217   0.034257383
    0.015903143   0.018853658   0.021469914   0.021138579   0.023420506   0.025238428   0.028608328   0.030587659   0.030391009   0.034440393   0.032840578  0.0019341388  0.0024011906  0.0085525486   0.023533932   0.025597709   0.026631881   0.031448657   0.032537039    0.10657314   0.045514685   0.043131572   0.019998732   0.021997527   0.023849789   0.025388993   0.026441621     0.0279094    0.03063261   0.033583491
    0.022144493   0.021768734   0.025227854   0.025697163   0.029323125   0.030194035   0.033024873   0.034243808    0.03445304    0.03618261   0.029090019  0.0082436299   0.015596797   0.019862539   0.021920646   0.024832472   0.031997413   0.028911984     0.0355879   0.045514685    0.16021411   0.051183295   0.022507809   0.025147532   0.026882156   0.028056051   0.029491725   0.029139324   0.030708243   0.032639785
     0.01439454    0.01842198   0.022741329   0.023701831   0.024843973   0.026764878   0.030483115   0.032847794   0.032905532    0.03522682    0.03508207  0.0088546772   0.010513182   0.011365405   0.023000356    0.02202609   0.026455594   0.029422615   0.041178519   0.043131572   0.051183295    0.10180252   0.021885798   0.024153132   0.026630421   0.028932452    0.02981149   0.032543132   0.035200336   0.039202089
    0.040459887   0.036392796   0.033986247   0.032524272   0.030645497   0.028446568   0.026808349    0.02480606   0.022707845   0.022224789   0.021683292   0.012539047    0.01544369   0.017054371   0.020107345   0.020582919   0.021627633   0.021381562    0.02148235   0.019998732   0.022507809   0.021885798   0.037624124   0.031780182    0.02725973   0.024890118   0.022746644   0.022647026   0.022082358   0.022057236
    0.035514304   0.033570044   0.032665364   0.032495413   0.031476932   0.030449758   0.029682453     0.0286368    0.02718533   0.026601353   0.025999216    0.01152407   0.014351534   0.016785604   0.019958261   0.020833966   0.022629205   0.022528542   0.023234547   0.021997527   0.025147532   0.024153132   0.031780182   0.030444109   0.028306819    0.02752798   0.026614958   0.026639414   0.026474268   0.026852874
    0.026425712   0.027857326   0.029220177   0.029557541   0.029948045    0.03038725   0.031530124   0.031919889   0.032028883   0.031631265   0.031910972  0.0094084725   0.012227638   0.014493192   0.019088932   0.020053307   0.022742993   0.022833631   0.024530006   0.023849789   0.026882156   0.026630421    0.02725973   0.028306819   0.029289241   0.030062808    0.03075803   0.031127615   0.031872453   0.033008811
    0.020890501   0.024665615   0.027423423   0.028089907   0.029597112   0.030815222   0.033170729   0.035168631   0.036420649   0.036277982   0.037145139  0.0080404645    0.01088746   0.012878981   0.018916536   0.019546412   0.023866198    0.02355608   0.026049889   0.025388993   0.028056051   0.028932452   0.024890118    0.02752798   0.030062808   0.032752151   0.034470447   0.035472759   0.037123354   0.038947766
    0.015583318   0.021334479   0.025438238   0.026263042    0.02926725   0.031586702   0.034863548   0.037993699   0.041427814   0.041947334   0.043534119  0.0061068508  0.0092635337   0.011570441   0.017661879   0.019541433   0.024018367   0.023850518   0.026928635   0.026441621   0.029491725    0.02981149   0.022746644   0.026614958    0.03075803   0.034470447   0.039375979   0.041139535   0.043955863   0.046364267
    0.012711727   0.019575233   0.024841993   0.024679191   0.029083776   0.030579424   0.035509472   0.040219696   0.044630159   0.047479188   0.051216068  0.0037479292  0.0077467476  0.0087543899   0.017915339   0.018863704   0.024896663   0.024225695     0.0289328     0.0279094   0.029139324   0.032543132   0.022647026   0.026639414   0.031127615   0.035472759   0.041139535   0.047671703   0.051718066   0.055075032
   0.0086080646    0.01684538   0.023503512   0.023007393   0.028452181   0.030095618   0.036832464   0.042734166   0.048463396   0.052404578   0.058233103  0.0011121732  0.0058629215  0.0049931846   0.018460816   0.018391373   0.025939504   0.025441073   0.031305217    0.03063261   0.030708243   0.035200336   0.022082358   0.026474268   0.031872453   0.037123354   0.043955863   0.051718066   0.061323042    0.06416234
   0.0052362023   0.013478144   0.022359143   0.022160636   0.028788549     0.0296637   0.038227929    0.04561767    0.05199348   0.055517199    0.06296295  0.0014379551   0.004696812  0.0031999013   0.019587313   0.018215984   0.026533796   0.026329855   0.034257383   0.033583491   0.032639785   0.039202089   0.022057236   0.026852874   0.033008811   0.038947766   0.046364267   0.055075032    0.06416234   0.078275336
